Company_name,Location,Year,Kilometers_Driven,Fuel_Type,Transmission,Owner_Type,Mileage(kmpl),Engine(CC),Power(bph),Seats,Price(L)
Maruti,Mumbai,2010,72000,CNG,Manual,First,26.6,998,58.16,5,1.75
Hyundai,Pune,2015,41000,Diesel,Manual,First,19.67,1582,126.2,5,12.5
Honda,Chennai,2011,46000,Petrol,Manual,First,18.2,1199,88.7,5,4.5
Maruti,Chennai,2012,87000,Diesel,Manual,First,20.77,1248,88.76,7,6
Audi,Coimbatore,2013,40670,Diesel,Automatic,Second,15.2,1968,140.8,5,17.74
Hyundai,Hyderabad,2012,75000,LPG,Manual,First,21.1,814,55.2,5,2.35
Nissan,Jaipur,2013,86999,Diesel,Manual,First,23.08,1461,63.1,5,3.5
Toyota,Mumbai,2016,36000,Diesel,Automatic,First,11.36,2755,171.5,8,17.5
Volkswagen,Pune,2013,64430,Diesel,Manual,First,20.54,1598,103.6,5,5.2
Tata,Chennai,2012,65932,Diesel,Manual,Second,22.3,1248,74,5,1.95
Maruti,Kochi,2018,25692,Petrol,Manual,First,21.56,1462,103.25,5,9.95
Honda,Kolkata,2012,60000,Petrol,Automatic,First,16.8,1497,116.3,5,4.49
Maruti,Jaipur,2015,64424,Diesel,Manual,First,25.2,1248,74,5,5.6
Land,Delhi,2014,72000,Diesel,Automatic,First,12.7,2179,187.7,5,27
Land,Pune,2012,85000,Diesel,Automatic,Second,NA,2179,115,5,17.5
Mitsubishi,Delhi,2014,110000,Diesel,Manual,First,13.5,2477,175.56,7,15
Honda,Kochi,2016,58950,Diesel,Manual,First,25.8,1498,98.6,5,5.4
Maruti,Jaipur,2017,25000,Diesel,Manual,First,28.4,1248,74,5,5.99
Renault,Kochi,2014,77469,Diesel,Manual,First,20.45,1461,83.8,5,6.34
Mercedes-Benz,Bangalore,2014,78500,Diesel,Automatic,First,14.84,2143,167.62,5,28
BMW,Kochi,2014,32982,Diesel,Automatic,First,22.69,1995,190,5,18.55
Maruti,Bangalore,2015,55392,Diesel,Manual,Second,23.65,1248,88.5,5,8.25
Audi,Mumbai,2015,55985,Petrol,Automatic,First,13.53,1984,177.01,5,23.5
Hyundai,Kolkata,2010,45807,Petrol,Manual,First,18.5,1197,80,5,1.87
Volkswagen,Kolkata,2010,33000,Petrol,Automatic,First,14.4,1598,103.6,5,2.85
Honda,Mumbai,2012,51920,Petrol,Manual,First,16.8,1497,116.3,5,4.25
Nissan,Hyderabad,2012,54000,Diesel,Manual,First,23.08,1461,63.1,5,4.25
Maruti,Hyderabad,2013,54000,Petrol,Manual,Second,20.92,998,67.1,5,2.75
Honda,Kochi,2018,37430,Petrol,Manual,First,17.5,1199,88.7,5,9.9
Toyota,Mumbai,2007,262000,Diesel,Manual,Fourth & Above,12.8,2494,102,7,4
Renault,Bangalore,2013,62000,Diesel,Manual,First,19.01,1461,108.45,5,7.75
Toyota,Delhi,2012,87615,Petrol,Manual,First,14.53,1798,138.1,5,6.75
Mahindra,Bangalore,2013,72000,Diesel,Automatic,Second,11.18,2696,184,7,12.5
Audi,Kolkata,2010,35000,Diesel,Automatic,First,12.4,2698,179.5,5,11.5
Volkswagen,Coimbatore,2014,55431,Petrol,Manual,Second,16.09,1598,103.5,5,6.98
Maruti,Jaipur,2009,83816,Petrol,Manual,Second,14,NA,64,5,1.85
Maruti,Kochi,2018,50075,Diesel,Manual,First,24.3,NA,88.5,5,8.63
Mahindra,Delhi,2017,52000,Petrol,Manual,First,18.15,NA,82,5,4.85
Mercedes-Benz,Pune,2013,85000,Diesel,Automatic,First,11.74,NA,254.8,5,28
Volkswagen,Chennai,2013,62000,Diesel,Manual,First,22.07,NA,73.9,5,5
Maruti,Delhi,2008,90000,Petrol,Manual,Second,19.7,796,46.3,5,1.25
Tata,Kochi,2014,19698,Petrol,Manual,First,25.4,624,37.5,4,1.53
Mahindra,Coimbatore,2017,22033,Diesel,Manual,First,25.32,1198,77,6,5.58
Hyundai,Kochi,2014,35487,Petrol,Manual,First,18.5,1197,82.9,5,4.74
Hyundai,Bangalore,2014,46374,Petrol,Automatic,First,14.62,1999,149.92,5,8.85
Toyota,Mumbai,2016,52001,Petrol,Automatic,First,14.28,1798,138.03,5,10.11
Hyundai,Ahmedabad,2008,58005,Diesel,Manual,Second,14.9,1991,112.2,5,4.25
Toyota,Bangalore,2012,70704,Petrol,Manual,First,11.25,2694,163.7,7,10.95
Hyundai,Jaipur,2014,75000,Diesel,Manual,First,24.4,1120,71,5,3.85
Mahindra,Jaipur,2012,75800,Diesel,Manual,Second,16.55,2498,105,6,5.5
Audi,Kochi,2015,13648,Diesel,Automatic,First,17.11,1968,174.33,5,21.43
Maruti,Delhi,2014,52000,Diesel,Manual,First,22.9,1248,74,5,4.25
Maruti,Kolkata,2014,53000,Diesel,Manual,First,17.8,1248,75,5,3.3
Maruti,Delhi,2013,65650,Diesel,Manual,First,28.4,1248,74,5,3.85
Hyundai,Chennai,2015,54000,Petrol,Manual,Third,18.9,1197,82,5,3.6
Volkswagen,Kolkata,2015,39000,Petrol,Manual,First,15.04,1598,103.2,5,3.99
Renault,Kochi,2017,16542,Petrol,Manual,First,25.17,799,53.3,5,3.3
Hyundai,Kolkata,2010,32000,Petrol,Manual,First,20.36,1197,78.9,5,2.07
Nissan,Hyderabad,2010,121812,Diesel,Automatic,First,13.29,1995,147.6,5,7.75
Maruti,Hyderabad,2010,39300,Petrol,Manual,First,18.2,998,67.1,5,2.25
Toyota,Mumbai,2017,22000,Diesel,Manual,First,13.68,2393,147.8,8,16.5
Ford,Bangalore,2010,72000,Diesel,Manual,First,20,1399,68,5,2.75
Mercedes-Benz,Delhi,2015,58000,Petrol,Automatic,First,11.74,1796,186,5,26.7
Mercedes-Benz,Pune,2011,65000,Diesel,Manual,Second,15.8,2148,170,5,10
Tata,Chennai,2016,178000,Diesel,Manual,First,25,NA,69,5,2.5
Audi,Jaipur,2012,65664,Diesel,Automatic,First,16.55,NA,140,5,13.5
Honda,Mumbai,2007,63000,Petrol,Automatic,Second,16.4,NA,78,5,1.85
Mercedes-Benz,Coimbatore,2019,15369,Diesel,Automatic,First,NA,1950,194,5,35.67
Maruti,Pune,2016,63000,Diesel,Manual,First,24.52,1248,88.5,7,8.15
Hyundai,Mumbai,2018,13000,Diesel,Manual,First,22.1,1396,88.7,5,10.5
Porsche,Mumbai,2008,73000,Petrol,Automatic,First,8.5,4806,500,5,14.5
Mahindra,Mumbai,2015,55729,Diesel,Manual,First,15.1,2179,140,7,9.65
Hyundai,Kochi,2012,45178,Petrol,Automatic,First,16.95,1197,78.9,5,3.48
Nissan,Kochi,2015,56066,Diesel,Manual,First,19.64,1461,108.5,5,6.92
Honda,Coimbatore,2016,37300,Petrol,Automatic,Second,16.5,1198,86.8,5,6.46
Audi,Delhi,2014,56000,Diesel,Automatic,Second,18.53,1968,187.74,5,29.5
Ford,Jaipur,2008,111111,Diesel,Manual,First,17.8,1399,NA,5,2
Toyota,Chennai,2006,230000,Petrol,Manual,Third,12.4,1998,132,8,4.5
Toyota,Hyderabad,2012,104000,Diesel,Manual,First,12.8,2494,102,7,11.75
Hyundai,Hyderabad,2005,87591,Petrol,Manual,First,NA,1086,NA,5,1.3
Maruti,Jaipur,2012,95100,Diesel,Manual,First,22.9,1248,74,5,3.75
Tata,Pune,2017,70000,Petrol,Manual,First,17.57,1193,88.7,5,4.5
Honda,Kochi,2016,54944,Petrol,Manual,First,18,1198,86.7,5,4.82
Ford,Hyderabad,2012,70337,Diesel,Manual,First,20,1399,68,5,2.8
Maruti,Jaipur,2013,99638,Diesel,Manual,First,23.2,1248,73.94,5,3.11
Honda,Delhi,2009,52000,Petrol,Manual,First,17.8,1497,117.3,5,3.25
BMW,Delhi,2011,75000,Diesel,Automatic,Second,16.73,1995,218,5,13.9
Hyundai,Pune,2009,95980,Petrol,Manual,First,20.36,1197,78.9,5,2.25
Hyundai,Bangalore,2016,16000,Petrol,Manual,First,18.9,1197,82,5,5.75
Hyundai,Hyderabad,2007,73745,Petrol,Manual,First,17,1086,NA,5,2.1
Honda,Mumbai,2016,18949,Petrol,Manual,First,17.8,1198,86.7,5,5
Toyota,Delhi,2014,107000,Diesel,Manual,First,13,2982,168.5,7,16.5
Audi,Coimbatore,2018,48367,Diesel,Automatic,First,17.68,1968,174.33,5,39.58
Ford,Delhi,2013,57000,Diesel,Manual,First,22.7,1498,89.84,5,5.5
Mahindra,Delhi,2014,58000,Diesel,Manual,First,15.1,2179,140,7,8.1
Honda,Kolkata,2015,30000,Diesel,Manual,First,25.8,1498,98.6,5,3.5
Volkswagen,Kolkata,2013,34212,Diesel,Manual,First,22.07,1199,73.9,5,2.79
Hyundai,Ahmedabad,2010,70002,Diesel,Manual,First,16.2,1493,110,5,3.45
Maruti,Bangalore,2016,62000,Petrol,Manual,First,18.9,998,67.1,5,4.45
Volkswagen,Delhi,2010,62001,Petrol,Manual,First,15.26,1598,103.5,5,2.65
Hyundai,Pune,2011,78958,Diesel,Manual,Second,23,1396,90,5,3.8
Hyundai,Mumbai,2014,30180,Petrol,Manual,First,18.5,1197,82.85,5,4.65
Datsun,Pune,2017,32851,Petrol,Manual,First,19.83,1198,67,7,3.95
Audi,Kolkata,2010,30000,Diesel,Automatic,First,14.94,2967,241.4,5,9.8
Hyundai,Pune,2009,66000,Petrol,Manual,Second,17,1197,80,5,2.7
Maruti,Coimbatore,2010,93850,Petrol,Manual,First,14,796,35,5,2.41
Toyota,Ahmedabad,2014,53000,Petrol,Manual,First,17.71,1197,78.9,5,3.9
Jaguar,Hyderabad,2011,78000,Diesel,Automatic,Second,14.74,2993,270.9,5,24
Mahindra,Delhi,2012,65000,Diesel,Manual,Second,16,2179,140,7,5.75
Hyundai,Kolkata,2014,40000,Diesel,Automatic,First,22.32,1582,126.32,5,5.25
Toyota,Mumbai,2017,30000,Diesel,Automatic,First,11.36,2755,171.5,7,19.25
Maruti,Coimbatore,2017,38053,Petrol,Manual,First,15.1,1196,73,5,3.91
Tata,Bangalore,2014,25500,Petrol,Manual,First,25.4,624,37.5,4,2.15
BMW,Mumbai,2015,56087,Diesel,Automatic,First,22.69,1995,190,5,20.75
Honda,Delhi,2010,71088,Petrol,Manual,First,13.5,1799,130,5,3.35
Toyota,Ahmedabad,2014,55000,Diesel,Manual,First,12.99,2494,100.6,7,11.11
Volvo,Bangalore,2014,32700,Diesel,Automatic,First,23.3,1984,150,5,20
Nissan,Coimbatore,2016,39882,Petrol,Automatic,First,19.15,1198,75.94,5,6.55
BMW,Mumbai,2009,128000,Petrol,Automatic,First,10.8,2497,215,5,7
Maruti,Mumbai,2016,55000,Diesel,Manual,First,24.3,1248,88.5,5,7.5
Hyundai,Mumbai,2005,102000,Petrol,Manual,Second,17,1086,NA,5,0.85
Mercedes-Benz,Pune,2014,53753,Diesel,Automatic,Second,15,2143,107.3,5,16.75
Hyundai,Kolkata,2018,10250,Diesel,Manual,First,22,1582,126.2,5,10.95
Maruti,Pune,2011,43874,Petrol,Manual,First,18.9,998,67.1,5,2.45
Tata,Coimbatore,2017,32684,Petrol,Automatic,First,NA,624,37.48,4,3.23
Mahindra,Kolkata,2014,42000,Diesel,Manual,First,NA,2179,120,8,7.75
Mercedes-Benz,Kolkata,2009,28352,Petrol,Automatic,First,NA,1796,178,5,9.35
Maruti,Pune,2013,89900,CNG,Manual,First,NA,998,58.16,5,3.25
Honda,Bangalore,2007,47700,Petrol,Manual,Second,10.8,2354,152,5,5.25
Volkswagen,Pune,2015,55000,Diesel,Automatic,First,21.21,1498,103.2,5,7.25
Maruti,Kochi,2017,44285,Petrol,Manual,First,20.73,1373,91.1,5,7.47
Mahindra,Jaipur,2016,54000,Diesel,Automatic,First,16,2179,140,7,13.25
Maruti,Coimbatore,2016,30232,Petrol,Manual,First,21.1,1197,85.8,5,5.81
Maruti,Hyderabad,2014,88500,Petrol,Manual,First,24.07,998,67.1,5,2.6
Mercedes-Benz,Kolkata,2017,13372,Petrol,Automatic,First,19,2996,362.07,2,54
Hyundai,Kochi,2019,12645,Petrol,Automatic,First,17,1591,121.3,5,11.5
Maruti,Chennai,2010,94385,Petrol,Manual,Second,NA,796,46.3,5,1.6
BMW,Coimbatore,2015,31821,Diesel,Automatic,First,NA,1995,143,5,17.22
Honda,Mumbai,2015,12000,Petrol,Automatic,First,NA,1199,88.7,5,6
Honda,Delhi,2012,88578,Petrol,Manual,First,NA,1799,130,5,3.95
Mercedes-Benz,Kochi,2014,44965,Diesel,Automatic,First,19.27,2143,170,5,17.95
Honda,Kolkata,2014,45044,Diesel,Manual,First,25.8,1498,98.6,5,3.7
Maruti,Kochi,2016,34204,Petrol,Manual,First,22,1197,81.8,5,5.43
Hyundai,Kochi,2008,80759,Petrol,Manual,Third,17,1086,NA,5,1.67
Toyota,Coimbatore,2012,91235,Diesel,Manual,First,11.5,2982,171,7,13.49
Chevrolet,Pune,2014,38800,Petrol,Manual,First,18.6,1199,76.8,5,2.85
Skoda,Chennai,2013,83000,Diesel,Manual,First,21.14,1498,103.52,5,4.75
Maruti,Kochi,2018,41283,Petrol,Manual,First,20.73,1373,91.1,5,9.9
Audi,Mumbai,2013,23000,Petrol,Automatic,First,11.05,2894,NA,4,37
BMW,Mumbai,2014,48000,Diesel,Automatic,First,21.76,1995,NA,5,26.5
Audi,Coimbatore,2015,48214,Diesel,Automatic,First,17.11,1968,NA,5,23.32
Maruti,Chennai,2016,35000,Diesel,Manual,First,22.9,1248,NA,5,6.25
Mercedes-Benz,Kolkata,2010,35277,Petrol,Automatic,First,7.81,5461,NA,5,30
Skoda,Coimbatore,2016,54620,Diesel,Automatic,First,21.66,1498,NA,5,9.86
Skoda,Pune,2012,136997,Diesel,Automatic,First,17.2,1968,138.1,5,8.5
Hyundai,Kochi,2019,14322,Petrol,Manual,First,21.1,814,55.2,5,4.23
Volkswagen,Jaipur,2012,65634,Diesel,Manual,First,22.07,1199,73.9,5,3.5
Datsun,Kolkata,2016,6000,Petrol,Manual,First,20.63,1198,67.06,5,2.5
Honda,Kolkata,2013,33280,Petrol,Manual,First,19.4,1198,86.8,5,2.39
Mercedes-Benz,Delhi,2013,29000,Petrol,Automatic,First,14.8,1595,NA,5,11.25
Honda,Kochi,2015,42831,Diesel,Manual,First,26,1498,NA,5,7.11
Toyota,Ahmedabad,2016,90000,Diesel,Manual,First,12.99,2494,NA,7,10.9
Maruti,Ahmedabad,2017,24005,Petrol,Manual,First,20.4,1197,NA,5,6.2
Mahindra,Mumbai,2012,32792,Diesel,Manual,First,15.1,2179,NA,7,7.9
Ford,Kochi,2014,147898,Diesel,Manual,First,22.7,1498,89.84,5,4.42
Toyota,Mumbai,2012,131765,Diesel,Manual,First,13,2982,168.5,7,13.5
Volkswagen,Chennai,2013,65000,Diesel,Automatic,First,21.5,1498,108.5,5,6.25
Ford,Jaipur,2010,66123,Diesel,Manual,Second,20,1399,68,5,2.1
BMW,Mumbai,2015,41000,Diesel,Automatic,First,15.3,2993,258,5,45
Mercedes-Benz,Coimbatore,2017,23550,Diesel,Automatic,First,19.27,2143,167.62,5,33.66
Honda,Bangalore,2012,45000,Petrol,Manual,Second,19.4,1198,86.8,5,3.65
Hyundai,Delhi,2013,60000,Petrol,Manual,First,20.36,1197,78.9,5,2.75
Mercedes-Benz,Bangalore,2016,44414,Diesel,Automatic,First,17.9,2143,170,5,42.5
Hyundai,Kolkata,2019,1000,Petrol,Manual,First,NA,1197,81.86,5,6.5
Audi,Mumbai,2012,62500,Diesel,Automatic,Second,NA,1968,174.33,5,NA
Volkswagen,Mumbai,2013,21000,Petrol,Automatic,Second,NA,1598,103.6,5,NA
Mini,Jaipur,2017,8525,Diesel,Automatic,Second,NA,1998,112,5,NA
Hyundai,Bangalore,2014,29000,Diesel,Manual,First,NA,1396,88.73,5,NA
Audi,Mumbai,2014,40000,Diesel,Automatic,First,NA,1968,174.33,5,NA
Chevrolet,Jaipur,2012,88000,Diesel,Manual,First,NA,936,57.6,5,NA
Skoda,Kochi,2012,53537,Petrol,Automatic,First,13.7,1798,157.75,5,NA
Ford,Chennai,2006,216000,Diesel,Manual,Second,17.8,1399,68,5,1.45
BMW,Hyderabad,2014,51000,Diesel,Automatic,First,22.48,1995,190,5,33.5
Chevrolet,Jaipur,2007,118500,Petrol,Manual,First,12.9,1598,102.5,5,1.25
Volkswagen,Hyderabad,2012,63000,Diesel,Manual,First,22.07,1199,73.9,5,4.2
Renault,Mumbai,2015,25000,Diesel,Manual,First,19.98,1461,108.5,8,6.75
Mercedes-Benz,Bangalore,2014,37382,Diesel,Automatic,First,13,2143,201.1,5,32
Maruti,Kochi,2017,24773,Petrol,Manual,First,21.4,1197,83.1,5,7.5
Hyundai,Delhi,2012,62000,Diesel,Manual,First,22.32,1582,126.32,5,4.6
Hyundai,Kochi,2017,52340,Petrol,Manual,First,19.81,1086,68.05,5,4.04
Mahindra,Kochi,2016,56739,Diesel,Manual,First,15.4,1997,120,7,10.31
Land,Coimbatore,2018,36091,Diesel,Automatic,First,12.7,2179,187.7,5,55.76
Ford,Chennai,2010,120000,Diesel,Manual,First,20,1399,68,5,2.6
Maruti,Mumbai,2016,33000,Diesel,Manual,First,25.47,1248,88.5,7,8.5
Honda,Ahmedabad,2007,60006,Petrol,Manual,First,NA,NA,NA,NA,2.95
Honda,Kolkata,2014,52000,Diesel,Manual,First,25.8,1498,98.6,5,3.5
Hyundai,Jaipur,2015,43571,Petrol,Manual,First,20.36,1197,78.9,5,3.55
Honda,Kolkata,2013,50000,Diesel,Manual,First,25.8,1498,98.6,5,3.25
Skoda,Hyderabad,2008,113000,Diesel,Manual,First,17.5,1896,106,5,4.5
Renault,Delhi,2014,90000,Diesel,Manual,First,19.87,1461,83.8,5,5.35
Mahindra,Chennai,2017,29000,Diesel,Manual,Second,17.45,1493,100,7,6.5
Maruti,Mumbai,2016,20000,Diesel,Manual,First,24.3,1248,88.5,5,9
Hyundai,Kochi,2016,61012,Petrol,Manual,First,18.6,1197,81.83,5,6
Skoda,Jaipur,2009,87459,Petrol,Manual,First,14.7,1390,85,5,2.75
Tata,Pune,2010,70500,Petrol,Manual,First,15.64,1193,64.1,5,1.5
Audi,Delhi,2015,64103,Diesel,Automatic,First,15.73,1968,174.33,5,19.9
Skoda,Mumbai,2014,76000,Petrol,Automatic,First,14.7,1798,177.5,5,10
Toyota,Delhi,2014,NA,Diesel,Manual,First,23.59,1364,67.06,5,3
Maruti,Kolkata,2010,NA,Petrol,Manual,First,16.1,NA,NA,NA,2.11
Mercedes-Benz,Kochi,2014,NA,Petrol,Automatic,First,14.8,1595,120.7,5,11.96
Honda,Kolkata,2013,NA,Diesel,Manual,First,27.4,1498,98.6,5,3.25
Hyundai,Jaipur,2012,NA,Diesel,Manual,Second,22.32,1582,126.32,5,4.75
Renault,Mumbai,2014,NA,Diesel,Manual,First,20.46,1461,83.8,5,5.95
Hyundai,Delhi,2015,NA,Petrol,Manual,Second,15.29,1591,121.3,5,8.15
Maruti,Mumbai,2016,NA,Petrol,Automatic,First,20.51,998,67,5,4.22
Mercedes-Benz,Kolkata,2010,NA,Petrol,Automatic,First,11.74,1796,186,5,NA
Audi,Delhi,2012,NA,Diesel,Automatic,First,11.8,2967,246.7,5,NA
Hyundai,Pune,2012,NA,Petrol,Manual,Second,19.81,1086,68.05,5,NA
Skoda,Mumbai,2017,NA,Petrol,Automatic,First,14.3,1598,103.52,5,NA
Skoda,Hyderabad,2017,NA,Petrol,Automatic,First,14.67,NA,177.46,5,NA
Hyundai,Coimbatore,2018,NA,Petrol,Manual,First,17.19,NA,81.86,5,8.22
Honda,Kolkata,2014,64000,Diesel,Manual,Second,25.8,NA,98.6,5,3.5
Maruti,Chennai,2004,61000,Petrol,Manual,Second,18.9,NA,67.1,5,1.25
Mahindra,Hyderabad,2013,107000,Diesel,Manual,First,21.03,1461,65,5,3.7
Mercedes-Benz,Coimbatore,2018,29161,Diesel,Automatic,First,19.27,2143,167.62,5,39.41
Maruti,Kolkata,2013,32000,Petrol,Manual,First,22.5,998,67.04,5,2.65
Nissan,Coimbatore,2015,46173,Diesel,Manual,Second,19.01,1461,108.5,5,8.92
Maruti,Delhi,2013,47000,Diesel,Manual,First,17.8,1248,NA,5,4.1
Mini,Kochi,2017,26327,Petrol,Automatic,First,16.82,1998,189.08,4,35.67
Ford,Bangalore,2015,70436,Diesel,Manual,First,NA,1498,99,NA,3.6
Tata,Jaipur,2007,200000,Diesel,Manual,Second,17.2,1396,53.5,5,0.85
Chevrolet,Kochi,2016,60813,Petrol,Manual,Second,18.6,1199,76.8,5,3.32
Volkswagen,Mumbai,2012,45000,Diesel,Manual,First,22.07,1199,73.9,5,3.6
Maruti,Hyderabad,2016,64000,Diesel,Manual,First,22.9,1248,74,5,6.8
Ford,Kolkata,2012,41284,Diesel,Manual,First,20,1399,68.05,5,2.5
Toyota,Kochi,2019,14165,Diesel,Automatic,First,11.36,2755,171.5,7,19.64
Hyundai,Mumbai,2011,67000,Diesel,Automatic,Second,11.72,2199,194.3,7,7
Honda,Kolkata,2011,32572,Petrol,Manual,First,17.4,1497,117.3,5,3.87
Hyundai,Kochi,2018,14960,Petrol,Manual,First,18.6,1197,81.83,5,6.27
Mercedes-Benz,Kochi,2015,55980,Diesel,Automatic,First,19.27,2143,167.62,5,18.12
Chevrolet,Mumbai,2013,74000,Diesel,Manual,First,25.44,936,57.6,5,2.65
Hyundai,Kochi,2015,56847,Diesel,Manual,First,22.54,1396,88.73,5,7.2
Toyota,Coimbatore,2015,121374,Diesel,Manual,First,12.99,2494,100.6,7,14.3
Maruti,Chennai,2013,52000,Diesel,Manual,First,20.77,1248,88.76,7,6.9
Toyota,Mumbai,2014,118000,Diesel,Manual,First,12.8,2494,102,7,10.75
Hyundai,Mumbai,2007,72000,Petrol,Manual,Third,17,1086,NA,5,0.95
Honda,Kochi,2016,33915,Petrol,Manual,First,17.8,1497,117.3,5,8.09
BMW,Ahmedabad,2014,82002,Diesel,Automatic,First,17.05,1995,184,5,18.5
Hyundai,Mumbai,2017,33000,Diesel,Manual,First,24,1120,70,5,4.75
Maruti,Chennai,2016,34000,Diesel,Manual,First,28.09,1248,88.5,5,8.45
Skoda,Kolkata,2012,55000,Diesel,Manual,First,20.5,1598,103.6,5,3.5
Hyundai,Kochi,2006,160538,Diesel,Manual,First,13.1,1493,NA,5,1.8
Volkswagen,Jaipur,2014,60000,Diesel,Manual,Second,19.91,1498,NA,5,3.7
Honda,Coimbatore,2017,49575,Petrol,Manual,First,18.7,1199,NA,5,7.17
Hyundai,Jaipur,2010,83000,Petrol,Manual,First,19.81,1086,NA,5,1.75
Hyundai,Kochi,2018,51346,Diesel,Automatic,First,16.38,1995,NA,5,21.99
Toyota,Pune,2017,43000,Diesel,Manual,First,13.68,2393,NA,7,18.65
Maruti,Jaipur,2011,35000,Petrol,Manual,Third,19.7,796,35,5,1.85
Maruti,Coimbatore,2017,27872,Petrol,Manual,Second,20.4,1197,81.8,5,5.95
Hyundai,Mumbai,2014,16514,Petrol,Manual,First,18.9,1197,82,5,3.75
Maruti,Pune,2012,120000,Diesel,Manual,First,22.9,1248,74,5,3.75
Hyundai,Hyderabad,2008,143275,Diesel,Manual,First,22,1582,126.2,5,2.6
Hyundai,Hyderabad,2006,99000,Petrol,Manual,First,NA,1086,NA,5,1.75
Hyundai,Mumbai,2010,52000,Petrol,Manual,First,17,1197,80,5,2.8
Mercedes-Benz,Coimbatore,2017,29819,Diesel,Automatic,First,11.57,2987,254.79,5,61.29
Mercedes-Benz,Bangalore,2014,57000,Diesel,Manual,Second,15.8,2148,170,5,18
Maruti,Hyderabad,2014,88500,Diesel,Manual,First,23.2,1248,73.94,5,4.35
Hyundai,Bangalore,2016,28000,Diesel,Manual,First,19.67,NA,126.2,5,13.75
Maruti,Pune,2010,67000,Petrol,Manual,First,19,NA,66.1,5,2
Renault,Delhi,2016,26000,Diesel,Manual,First,19.64,NA,108.45,5,10
Fiat,Delhi,2010,120000,Diesel,Manual,First,17.8,1248,76,5,1.65
BMW,Coimbatore,2017,51982,Diesel,Automatic,First,16.55,2993,258,5,45.77
Hyundai,Bangalore,2010,36000,Petrol,Manual,Second,20.36,1197,78.9,5,3.25
Toyota,Pune,2016,47000,Diesel,Manual,First,12.8,2494,102,7,12.8
Maruti,Mumbai,2002,60000,Petrol,Manual,Third,17.3,993,60,5,0.55
Maruti,Hyderabad,2018,31025,Diesel,Manual,First,28.4,1248,74,5,7.15
Mahindra,Pune,2013,105000,Diesel,Manual,Second,12.05,2179,120,8,7
Tata,Pune,2017,121900,Diesel,Manual,First,22.95,1248,74,5,3.75
Ford,Mumbai,2017,22695,Petrol,Manual,First,18.88,999,123.24,5,8.5
Maruti,Jaipur,2012,73000,Diesel,Manual,First,23.4,1248,74,5,4.35
Maruti,Kochi,2016,32227,Petrol,Manual,First,NA,796,47.3,5,3.26
Honda,Jaipur,2011,55000,Petrol,Manual,First,NA,1497,118,5,4.21
Audi,Kochi,2018,11287,Diesel,Automatic,First,NA,2967,241.4,7,70.36
Skoda,Mumbai,2009,48000,Diesel,Automatic,Second,NA,1896,105,5,2.95
Hyundai,Kochi,2012,54308,Petrol,Manual,First,NA,1591,121.3,5,4.28
Honda,Jaipur,2009,78442,Petrol,Automatic,First,NA,1497,118,5,3.57
Hyundai,Kolkata,2013,46000,Diesel,Manual,First,21.9,1396,88.8,5,3.11
Hyundai,Coimbatore,2014,45051,Petrol,Automatic,First,15,1396,98.6,5,5.96
Volkswagen,Hyderabad,2011,69000,Diesel,Manual,First,20.54,1598,103.6,5,4.7
Honda,Ahmedabad,2014,49000,Petrol,Manual,First,17.4,1497,117.3,5,6.9
Tata,Pune,2018,45000,Diesel,Manual,First,22.95,NA,74,5,5.25
BMW,Pune,2015,64000,Diesel,Automatic,First,18.48,NA,177,5,28
Maruti,Delhi,2009,60000,Petrol,Manual,First,18.9,NA,67,5,1.35
Honda,Delhi,2015,62178,Petrol,Manual,First,18.2,NA,88.7,5,4.85
Volkswagen,Coimbatore,2012,58006,Diesel,Manual,First,15,1896,105,5,6.7
Hyundai,Hyderabad,2010,74000,Petrol,Manual,First,20.36,1197,78.9,5,3.1
Mercedes-Benz,Kochi,2015,77771,Diesel,Automatic,First,19.27,2143,170,5,18.64
Hyundai,Pune,2012,45275,Petrol,Manual,First,20.36,1197,78.9,5,2.8
Toyota,Chennai,2016,NA,Diesel,Manual,First,13.68,2393,147.8,7,20.25
Audi,Kochi,2015,NA,Diesel,Automatic,First,17.68,1968,174.33,5,26.78
Toyota,Hyderabad,2010,NA,Diesel,Manual,Second,12.99,2494,100.6,7,8.26
Volkswagen,Mumbai,2015,NA,Petrol,Manual,First,16.47,1198,73.9,5,3.89
Maruti,Hyderabad,2011,NA,Petrol,Manual,First,20.92,998,67.1,5,2.1
Honda,Mumbai,2017,NA,Petrol,Automatic,First,18,1497,117.3,5,12.69
Tata,Coimbatore,2013,NA,Diesel,Manual,First,17,1405,70,5,2.58
Audi,Kochi,2014,NA,Diesel,Automatic,First,17.68,1968,174.33,5,20.77
Mercedes-Benz,Delhi,2015,NA,Diesel,Automatic,First,17.9,2143,136,5,20.26
Hyundai,Chennai,2006,NA,Petrol,Manual,Second,NA,1086,NA,5,1.5
Maruti,Kolkata,2011,NA,Diesel,Manual,First,17.8,1248,NA,5,2.5
Maruti,Hyderabad,2014,NA,Petrol,Automatic,First,23.1,998,67.04,5,4.25
Mercedes-Benz,Hyderabad,2017,NA,Diesel,Automatic,First,17.9,2143,201.15,5,57
Land,Delhi,2017,NA,Diesel,Automatic,First,12.7,2179,187.7,5,44
Volkswagen,Hyderabad,2011,NA,Diesel,Manual,First,20.54,1598,103.6,5,3.65
Maruti,Hyderabad,2012,NA,Petrol,Manual,First,14,796,35,5,2.05
Honda,Kochi,2012,NA,Petrol,Manual,First,18.5,1198,86.8,5,3.13
Tata,Hyderabad,2000,NA,Diesel,Manual,Second,14.07,2956,83.1,7,1.5
Tata,Pune,2012,NA,Diesel,Manual,First,18,1248,75,5,2.85
Maruti,Delhi,2012,NA,Petrol,Manual,First,18.9,998,67.1,5,2.65
Mahindra,Hyderabad,2015,NA,Diesel,Manual,First,16,2179,140,7,10.6
Tata,Pune,2008,NA,Diesel,Manual,Second,17.1,1396,70,5,1.25
Maruti,Mumbai,2018,18000,Petrol,Manual,First,16.02,1373,93.7,7,8.25
Honda,Mumbai,2011,60000,Petrol,Automatic,First,11.7,2354,177.6,5,4.45
Maruti,Kolkata,2012,48000,Diesel,Manual,First,19.3,1248,73.9,5,3.7
Ford,Hyderabad,2009,160000,Diesel,Manual,First,17.8,1399,68,5,NA
Honda,Kolkata,2008,40000,Petrol,Manual,First,17.7,1497,78,5,NA
Audi,Kochi,2014,51495,Diesel,Automatic,First,17.68,1968,174.33,5,NA
BMW,Mumbai,2011,30000,Diesel,Automatic,First,9.52,2993,313,4,NA
Audi,Coimbatore,2017,97430,Diesel,Automatic,First,14.75,2967,245,7,NA
Maruti,Pune,2008,42496,CNG,Manual,First,26.3,NA,67.1,5,NA
Hyundai,Pune,2012,83000,Diesel,Manual,First,23,NA,90,5,NA
Hyundai,Bangalore,2009,37000,Petrol,Automatic,Third,16.95,NA,78.9,5,NA
Honda,Kochi,2016,28503,Petrol,Automatic,First,19,NA,88.7,5,NA
Maruti,Hyderabad,2015,76496,Diesel,Manual,First,25.2,NA,74,5,NA
Hyundai,Pune,2011,79152,Petrol,Manual,Second,18.5,1197,82.85,5,NA
Volkswagen,Kolkata,2011,32000,Petrol,Manual,First,16.47,1198,73.9,5,NA
Maruti,Ahmedabad,2009,35000,Petrol,Manual,First,19.7,796,46.3,5,1.5
Toyota,Chennai,2004,105000,Petrol,Automatic,Second,11.3,1794,125,5,2.5
Maruti,Chennai,2006,56000,Petrol,Manual,Second,19.7,796,46.3,5,1.4
Tata,Pune,2012,73000,Diesel,Manual,First,21.12,1248,88.8,5,3.4
Maruti,Pune,2012,38000,Petrol,Manual,First,19.7,NA,46.3,5,2.25
Skoda,Kolkata,2013,775000,Diesel,Automatic,First,19.3,NA,141,5,7.5
Toyota,Kolkata,2008,80000,Petrol,Automatic,First,11.3,NA,125,5,2.8
Hyundai,Coimbatore,2016,24973,Petrol,Manual,First,18.6,NA,81.83,5,7.66
Maruti,Chennai,2016,45000,Diesel,Manual,First,24.3,NA,88.5,5,7.15
Honda,Delhi,2010,87430,Petrol,Manual,First,17,NA,118,5,3.5
Tata,Hyderabad,2014,133944,Diesel,Manual,Second,18,1248,75,5,3.5
Honda,Kolkata,2013,57000,Diesel,Manual,First,25.8,1498,98.6,5,3.45
Hyundai,Coimbatore,2016,27904,Petrol,Manual,First,21.1,814,55.2,5,3.55
BMW,Kochi,2015,30717,Diesel,Automatic,Second,21.76,1995,190,5,25.99
Hyundai,Bangalore,2012,80000,Diesel,Manual,First,22.32,1582,126.32,5,5.25
Tata,Ahmedabad,2013,47304,Diesel,Manual,First,21.02,1248,88.8,5,2.9
Skoda,Jaipur,2005,100000,Petrol,Automatic,First,14.45,1984,227,5,2.05
Maruti,Pune,2017,30000,Petrol,Manual,First,24.07,998,67.1,5,3.75
Ford,Mumbai,2014,68000,Diesel,Manual,First,22.7,1498,89.84,5,6.75
Chevrolet,Kolkata,2011,21000,Petrol,Manual,Second,18,995,62,5,0.95
Jaguar,Hyderabad,2017,21000,Diesel,Automatic,First,19.33,1999,177,5,52
Honda,Jaipur,2007,119000,Petrol,Manual,Third,13.1,1997,141.1,5,3.91
Skoda,Kochi,2019,13747,Petrol,Automatic,First,14.67,1798,177.46,5,27.3
Hyundai,Chennai,2009,620000,Petrol,Manual,First,20.36,1197,78.9,5,2.7
Maruti,Delhi,2013,70000,Diesel,Manual,First,22.9,1248,74,5,3.5
Maruti,Mumbai,2016,18000,Petrol,Automatic,First,18.5,1197,83.14,5,6.2
Nissan,Chennai,2011,83000,Diesel,Manual,First,23.08,1461,63.1,5,2.75
Maruti,Mumbai,2015,130000,Diesel,Manual,First,23.4,1248,74,5,3.25
Ford,Pune,2012,63400,Diesel,Manual,First,17.8,1399,67,5,3.25
Maruti,Kolkata,2003,65000,Petrol,Manual,First,17.3,993,60,5,0.65
Mini,Pune,2017,8350,Petrol,Manual,First,13.8,1998,192,5,35
Toyota,Kolkata,2014,45000,Diesel,Manual,First,23.59,1364,67.05,5,3.25
Maruti,Kolkata,2018,26200,Petrol,Manual,First,24.7,796,47.3,5,2.9
Maruti,Bangalore,2011,11000,Petrol,Manual,Third,18.9,796,47,5,2.9
BMW,Bangalore,2009,90000,Diesel,Automatic,Second,11,2993,235,5,17.75
Nissan,Mumbai,2015,74000,Petrol,Automatic,Second,11.07,2496,179.5,5,8.25
Hyundai,Coimbatore,2015,37081,Petrol,Automatic,First,18.9,1197,NA,5,5.77
Maruti,Hyderabad,2017,39000,Diesel,Manual,First,24.3,1248,NA,5,9.49
Audi,Mumbai,2008,99000,Diesel,Automatic,Third,12.07,2967,NA,7,12.95
Mercedes-Benz,Chennai,2015,38000,Diesel,Automatic,First,17.9,2143,136,5,20
Maruti,Chennai,2007,72000,Petrol,Manual,Third,16.1,796,37,4,1
Renault,Chennai,2015,93000,Diesel,Manual,Second,20.45,1461,83.8,5,7.1
Toyota,Mumbai,2017,5900,Diesel,Manual,First,21.43,1364,87.2,5,16.5
Mercedes-Benz,Chennai,2014,25000,Diesel,Manual,First,15.8,2148,170,5,26
Maruti,Hyderabad,2010,68000,Diesel,Manual,Second,21.1,1248,73.9,5,3.2
Honda,Kochi,2017,35676,Petrol,Automatic,First,16,1497,117.3,7,9.48
Hyundai,Kochi,2015,74310,Diesel,Manual,First,24.4,1120,71,5,4
Mercedes-Benz,Jaipur,2014,59364,Diesel,Automatic,First,14.21,2143,203,5,26.5
Mercedes-Benz,Kochi,2014,41380,Petrol,Automatic,Second,14.8,1595,120.7,5,NA
Mercedes-Benz,Bangalore,2017,33900,Diesel,Automatic,First,15,2143,204,5,NA
Honda,Mumbai,2016,28000,Petrol,Manual,First,NA,1497,117.3,5,NA
Hyundai,Hyderabad,2007,50958,Petrol,Manual,First,17,1086,NA,5,NA
Honda,Chennai,2011,93982,Petrol,Manual,First,17,1497,118,5,NA
Hyundai,Pune,2010,95000,Petrol,Manual,First,16.2,1599,103.2,5,NA
Jaguar,Mumbai,2017,9000,Petrol,Automatic,First,13.5,1999,246.74,5,NA
Honda,Delhi,2015,52516,Petrol,Manual,First,18,1198,86.7,5,4.65
Mini,Bangalore,2015,20000,Petrol,Automatic,First,18.86,1598,122,4,32
Mercedes-Benz,Coimbatore,2017,56451,Diesel,Automatic,First,13.5,2987,282,5,62.81
Hyundai,Chennai,2014,37000,Petrol,Manual,First,NA,814,55.2,5,3.25
Maruti,Kolkata,2014,17400,Petrol,Manual,First,NA,998,67.04,5,3.1
Maruti,Coimbatore,2011,90207,Diesel,Manual,First,NA,1248,73.9,5,3.91
BMW,Chennai,2011,89616,Diesel,Automatic,First,NA,1995,181,5,11
Tata,Pune,2014,85000,Diesel,Manual,First,NA,2179,138.03,5,3.5
Audi,Chennai,2014,79271,Diesel,Automatic,First,NA,1968,143,5,16.5
Land,Hyderabad,2012,56000,Diesel,Automatic,First,NA,2179,187.7,5,30
Mercedes-Benz,Pune,2010,85001,Diesel,Automatic,Second,12,2987,224,7,28
Mitsubishi,Hyderabad,2018,12000,Diesel,Automatic,First,13.5,2477,175.56,7,28
Maruti,Jaipur,2010,125000,Petrol,Manual,First,19.7,796,46.3,5,0.92
Maruti,Pune,2013,53000,Petrol,Manual,First,14,1061,64,5,2.75
Land,Coimbatore,2017,NA,Diesel,Automatic,First,12.7,2179,187.7,5,53.83
Hyundai,Pune,2011,NA,Petrol,Manual,Second,17.01,1591,121.3,5,4.95
BMW,Hyderabad,2013,NA,Diesel,Automatic,First,16.73,2993,218,5,33.5
Jaguar,Bangalore,2013,75000,Diesel,Automatic,First,14.74,2993,270.9,5,27.95
Skoda,Hyderabad,2010,57000,Petrol,Automatic,First,13.7,NA,157.75,5,7.25
Audi,Kochi,2017,37542,Diesel,Automatic,First,15.73,NA,174.33,5,25.71
Land,Coimbatore,2014,95649,Diesel,Automatic,First,12.7,NA,187.7,5,29.67
Mercedes-Benz,Jaipur,2013,35299,Diesel,Automatic,First,14.84,NA,170,5,19
Mahindra,Kochi,2017,28464,Diesel,Manual,First,15.4,NA,120,7,13.05
BMW,Mumbai,2015,41000,Diesel,Automatic,First,21.76,NA,190,5,25.5
Honda,Pune,2017,9000,Petrol,Manual,First,15.4,1497,117.3,7,8.5
Volvo,Chennai,2010,92098,Diesel,Automatic,Second,16,2400,215,5,7.25
Hyundai,Pune,2005,5834,Petrol,Manual,First,13.2,1495,94,5,0.8
Hyundai,Jaipur,2017,40250,Petrol,Manual,First,17.19,1197,81.86,5,6.9
Mercedes-Benz,Coimbatore,2018,22397,Petrol,Automatic,First,11.5,2996,367,5,70.99
Hyundai,Kolkata,2015,20800,Petrol,Manual,Second,21.1,814,55.2,5,2.25
Hyundai,Kochi,2018,40322,Petrol,Manual,First,18.9,1197,81.86,5,5.5
Honda,Mumbai,2013,52576,Petrol,Manual,First,13,1493,100,5,4.35
Volkswagen,Kolkata,2010,55000,Petrol,Manual,First,16.47,1198,73.9,5,2.25
Audi,Mumbai,2016,47000,Petrol,Automatic,First,15.26,1798,187.74,5,24.5
Volkswagen,Hyderabad,2010,42021,Diesel,Manual,First,NA,1968,NA,5,5.45
Hyundai,Coimbatore,2017,23163,Petrol,Manual,First,15.29,1591,121.3,5,12.03
Mercedes-Benz,Mumbai,2011,50000,Petrol,Automatic,Second,11.74,1796,186,5,8.5
Mini,Mumbai,2014,11900,Petrol,Automatic,First,16.82,1998,189.08,4,28.5
Hyundai,Pune,2006,108000,Petrol,Manual,Second,17,1086,NA,5,1.2
Toyota,Bangalore,2013,37000,Diesel,Manual,First,23.59,1364,67.04,5,5.75
Honda,Delhi,2014,30000,Petrol,Manual,Second,19.4,1198,86.8,5,3.2
Maruti,Coimbatore,2018,12831,Petrol,Automatic,First,21.4,1197,83.1,5,9.89
Skoda,Coimbatore,2012,143017,Diesel,Automatic,First,20,1968,138.1,5,6.58
Hyundai,Kochi,2018,13102,Petrol,Manual,First,21.1,814,55.2,5,4.06
Renault,Coimbatore,2019,24950,Diesel,Manual,First,20.37,1461,108.45,5,13.37
BMW,Coimbatore,2011,57832,Diesel,Automatic,First,16.2,2993,258,5,25.82
Maruti,Kochi,2016,34267,Petrol,Manual,First,22.74,796,47.3,5,3.74
Volvo,Bangalore,2015,33000,Diesel,Automatic,Second,16.8,1984,150,5,22
Maruti,Ahmedabad,2007,55100,Petrol,Manual,First,18.9,998,67.1,5,1.45
Honda,Kolkata,2008,40000,Petrol,Manual,First,17.7,1497,78,5,2
Maruti,Kochi,2017,31841,CNG,Manual,First,15.1,1196,73,5,4.7
Chevrolet,Kolkata,2014,15000,Petrol,Manual,First,13.7,1399,98.79,8,3.75
Mahindra,Coimbatore,2016,82756,Diesel,Manual,First,15.96,2523,62.1,7,7.7
Hyundai,Coimbatore,2012,50243,Petrol,Manual,First,NA,1086,NA,5,3.35
Hyundai,Hyderabad,2014,20600,Petrol,Manual,First,21.1,814,55.2,5,2.6
Hyundai,Coimbatore,2017,29952,Petrol,Automatic,First,13,1591,121.3,5,13.77
Volkswagen,Mumbai,2017,15000,Petrol,Manual,Second,16.09,1598,103.5,5,7.1
Honda,Pune,2008,61938,Petrol,Automatic,Second,12.9,1799,130,5,2.65
Tata,Hyderabad,2014,67000,Diesel,Manual,First,22.3,1248,74,5,2.5
Mahindra,Kochi,2013,61672,Diesel,Manual,First,16,2179,140,7,7.53
Hyundai,Coimbatore,2017,26185,Petrol,Manual,First,18.6,1197,81.83,5,7.98
Audi,Bangalore,2014,38000,Diesel,Automatic,Second,14.16,1968,174.3,5,39
Maruti,Chennai,2011,67000,Petrol,Manual,Second,18.5,1197,85.8,5,2.25
Mitsubishi,Chennai,2010,66000,Petrol,Manual,Second,13.17,1999,114,5,3.85
Toyota,Hyderabad,2015,80883,Diesel,Manual,First,12.8,2494,102,7,13.5
Maruti,Hyderabad,2016,80219,Diesel,Manual,First,27.62,793,47,5,3.5
Maruti,Delhi,2018,12923,Diesel,Manual,First,25.1,1248,88.5,5,8.92
Audi,Coimbatore,2016,86642,Diesel,Automatic,First,15.17,1968,181,5,20.37
BMW,Bangalore,2016,19235,Diesel,Automatic,First,21.76,1995,190,5,36.5
Audi,Coimbatore,2016,51002,Diesel,Automatic,First,11.33,4134,335.2,7,48.91
Hyundai,Pune,2016,6800,Petrol,Manual,First,18.6,1197,81.83,5,7.2
Renault,Hyderabad,2012,82749,Diesel,Manual,First,19.01,1461,108.45,5,5.99
Hyundai,Pune,2016,51000,Diesel,Manual,First,24.4,1120,71,5,5.25
Ford,Delhi,2014,31465,Diesel,Manual,First,NA,1498,89.84,5,6.5
Volkswagen,Hyderabad,2013,76476,Petrol,Manual,First,NA,1198,73.9,5,4.4
Hyundai,Kolkata,2017,14000,Diesel,Manual,First,NA,1120,70,5,4.6
Tata,Ahmedabad,2013,47000,Diesel,Manual,First,NA,1248,88.8,5,2.95
Honda,Kolkata,2011,48466,Petrol,Manual,First,NA,1497,118,5,3.26
Hyundai,Bangalore,2008,46000,Petrol,Manual,Second,NA,1086,62.1,5,2.22
Toyota,Hyderabad,2012,162663,Diesel,Manual,First,12.99,2494,100,7,10.5
Maruti,Coimbatore,2017,25142,Diesel,Manual,First,28.09,1248,88.5,5,8.26
Toyota,Delhi,2013,69000,Diesel,Manual,First,12.55,2982,169,7,14.45
Ford,Chennai,2009,80524,Petrol,Manual,Second,15.3,1596,0,5,2.5
Mercedes-Benz,Kochi,2018,26405,Petrol,Automatic,First,12.6,1950,191.34,5,51.43
Mercedes-Benz,Chennai,2014,45000,Diesel,Manual,First,15.8,2148,170,5,23
Skoda,Kolkata,2012,64284,Diesel,Manual,First,17.72,1968,108.49,5,5.5
Hyundai,Delhi,2015,27000,Petrol,Manual,First,18.9,1197,82,5,4.5
Ford,Hyderabad,2018,3678,Petrol,Manual,First,18.16,1196,86.8,5,6.8
Skoda,Mumbai,2013,21000,Petrol,Manual,First,16.8,1395,138.02,5,8.75
Renault,Mumbai,2015,67000,Diesel,Manual,Second,19.87,1461,83.8,5,7
Land,Delhi,2015,24000,Diesel,Automatic,Second,15.68,1999,177,5,33.5
Ford,Chennai,2011,75000,Diesel,Manual,Second,20,1399,68,5,2.25
Ford,Hyderabad,2008,179000,Diesel,Automatic,Second,12.8,2953,156,7,4.24
Toyota,Coimbatore,2017,47198,Diesel,Manual,First,12.55,2982,168.5,7,28.42
Volkswagen,Kolkata,2012,52000,Diesel,Manual,First,22.07,1199,73.9,5,2.75
Maruti,Jaipur,2011,91000,Diesel,Manual,First,23.2,1248,73.94,5,3
Nissan,Pune,2013,60000,Diesel,Manual,First,23.08,1461,63.1,5,3.55
Hyundai,Kolkata,2013,37873,Diesel,Manual,First,22.32,1582,126.32,5,4.8
BMW,Kolkata,2011,31000,Petrol,Automatic,First,10.8,2497,150,5,13.5
Mercedes-Benz,Pune,2017,NA,Diesel,Automatic,First,11,2987,258,7,56
Honda,Hyderabad,2004,NA,Petrol,Automatic,First,12,2354,NA,5,3.99
Hyundai,Bangalore,2016,NA,Diesel,Automatic,First,17.01,1582,NA,5,15.5
Hyundai,Jaipur,2010,NA,Petrol,Manual,Second,19.81,1086,NA,5,2.32
Mercedes-Benz,Kochi,2016,NA,Diesel,Automatic,First,20,2143,NA,5,18.58
Maruti,Jaipur,2014,NA,Petrol,Manual,First,16.02,1373,NA,7,5.5
Skoda,Chennai,2006,NA,Diesel,Manual,Second,18.7,1896,NA,5,3.2
Honda,Pune,2015,NA,Petrol,Manual,First,18,1198,NA,5,4
Maruti,Chennai,2004,NA,Petrol,Manual,First,17.3,993,NA,5,1.6
Maruti,Kochi,2013,NA,Petrol,Manual,First,15.5,1586,NA,5,4.15
Honda,Mumbai,2014,NA,Petrol,Automatic,First,16.5,1198,86.8,5,4.25
Maruti,Ahmedabad,2011,75000,Petrol,Manual,First,NA,998,67.1,5,2.6
Toyota,Mumbai,2008,80000,Petrol,Automatic,Second,NA,2362,164.7,5,3.43
Chevrolet,Kochi,2012,32717,Petrol,Manual,First,NA,1199,79.4,5,2.55
Toyota,Delhi,2017,25000,Diesel,Automatic,First,NA,2982,168.5,7,32
Ford,Mumbai,2014,79000,Diesel,Manual,First,22.7,1498,89.84,5,6.25
Maruti,Hyderabad,2010,86000,Diesel,Manual,Second,17.8,1248,75,5,3.6
Mercedes-Benz,Pune,2010,137000,Diesel,Automatic,First,13.5,2987,282,5,18.5
Honda,Mumbai,2015,25000,Petrol,Manual,Second,17.3,1497,117.3,7,4.25
Hyundai,Mumbai,2017,8500,Petrol,Manual,Second,18.9,1197,82,5,4.8
Mahindra,Bangalore,2015,34000,Diesel,Automatic,First,16,2179,140,7,13
Skoda,Pune,2012,41629,Petrol,Manual,Second,14.83,1598,105,5,2.25
Hyundai,Hyderabad,2009,80227,Petrol,Manual,First,17.92,1086,62.1,NA,2.3
Hyundai,Kochi,2019,8587,Petrol,Manual,First,15.29,1591,121.3,NA,13.56
Mahindra,Delhi,2017,30000,Diesel,Manual,First,15.4,1997,120,NA,12.25
Skoda,Pune,2013,64186,Diesel,Manual,First,20.5,1598,103.5,NA,3.76
Renault,Coimbatore,2015,76427,Diesel,Manual,First,19.01,1461,108.45,NA,8.58
BMW,Hyderabad,2011,75000,Diesel,Automatic,First,11.7,2993,245,NA,27.5
Toyota,Coimbatore,2013,27075,Petrol,Manual,First,17.6,1496,88.73,NA,4.95
Maruti,Ahmedabad,2012,30000,Petrol,Manual,First,22.5,998,67.04,NA,3.3
Hyundai,Chennai,2016,69434,Petrol,Manual,First,15.8,1591,121.3,NA,8
Maruti,Jaipur,2014,56000,Petrol,Manual,First,23.1,998,67.04,NA,2.79
Land,Coimbatore,2017,49275,Diesel,Automatic,First,12.7,2179,187.7,NA,45.64
Chevrolet,Pune,2014,8700,Petrol,Manual,First,18.6,1199,76.8,NA,2.55
Tata,Ahmedabad,2014,18000,Petrol,Manual,Second,25.4,624,37.5,NA,1
Audi,Coimbatore,2017,41041,Diesel,Automatic,First,17.68,1968,174.33,NA,37.56
Mercedes-Benz,Kochi,2009,80464,Diesel,Automatic,Second,11,2987,198.5,NA,9.29
Maruti,Kochi,2019,20667,Petrol,Manual,First,22,1197,81.8,NA,6.37
Fiat,Coimbatore,2013,60283,Petrol,Manual,First,14.6,1368,112,NA,2.98
Maruti,Kochi,2017,31696,Petrol,Manual,First,20.4,1197,81.8,NA,5.75
Toyota,Hyderabad,2010,100000,Diesel,Manual,First,11.5,2982,171,NA,13
Maruti,Mumbai,2014,13361,Petrol,Manual,First,16.02,1373,93.7,NA,6.8
BMW,Coimbatore,2010,48394,Petrol,Automatic,First,12.05,1995,154,NA,10.49
Maruti,Jaipur,2014,47399,Petrol,Manual,First,16.02,1373,93.7,NA,5.6
Honda,Mumbai,2010,69000,Petrol,Automatic,Second,16.8,1497,118,NA,2.85
Hyundai,Coimbatore,2013,65278,Diesel,Manual,First,14.66,2199,194.3,NA,8.36
Tata,Jaipur,2005,108000,Diesel,Manual,First,17,1405,70,NA,1
Mercedes-Benz,Kolkata,2010,50645,Petrol,Automatic,Second,10.93,2497,204,NA,10.75
Maruti,Hyderabad,2011,130002,Diesel,Manual,First,19.3,1248,73.9,NA,3.85
Ford,Hyderabad,2012,107000,Diesel,Manual,First,17.8,NA,67,NA,3
Honda,Coimbatore,2015,41950,Petrol,Automatic,First,18,1497,117.3,NA,9.6
Toyota,Delhi,2012,109000,Diesel,Manual,First,13,NA,168.5,NA,13.25
Honda,Mumbai,2016,9000,Petrol,Manual,First,18,1198,86.7,NA,5.75
Hyundai,Delhi,2014,43900,Diesel,Manual,First,22.54,1396,88.73,NA,6.75
Chevrolet,Bangalore,2013,64000,Diesel,Manual,Second,18.2,1248,73.8,NA,4.85
Mercedes-Benz,Kochi,2019,13190,Petrol,Automatic,First,NA,1950,181.43,NA,38.99
Maruti,Mumbai,2009,77652,Petrol,Automatic,First,12.6,1586,103.2,NA,2.85
Toyota,Mumbai,2012,55000,Diesel,Manual,First,12.99,2494,100,NA,9.51
BMW,Ahmedabad,2012,59900,Diesel,Automatic,Second,18.48,1995,177,NA,18.5
Renault,Delhi,2015,73539,Diesel,Manual,First,19.01,1461,108.45,NA,6.75
BMW,Coimbatore,2017,31645,Diesel,Automatic,First,20.68,1995,190,NA,29.4
Honda,Kochi,2009,69690,Petrol,Manual,First,17.7,1497,78,NA,3.29
Maruti,Delhi,2016,41000,Diesel,Manual,First,28.09,1248,88.5,NA,9.5
Maruti,Pune,2010,109200,Petrol,Manual,Second,17.5,1298,85.8,NA,2.2
Mahindra,Pune,2012,80000,Diesel,Manual,First,15.1,2179,140,NA,6.5
Honda,Ahmedabad,2007,51000,Petrol,Manual,First,13.5,1799,130,NA,4.9
Maruti,Pune,2013,105000,Diesel,Manual,Second,25.47,1248,88.5,NA,6.75
Toyota,Chennai,2013,179000,Diesel,Manual,First,23.59,1364,67.04,NA,3.8
Audi,Delhi,2013,12100,Petrol,Automatic,First,9.9,1984,207.8,NA,29.5
Skoda,Hyderabad,2017,31000,Diesel,Manual,First,21.13,1498,108.4,NA,10.5
Volkswagen,Hyderabad,2015,50000,Diesel,Manual,First,20.14,1498,88.8,NA,6.2
Skoda,Jaipur,2009,48000,Diesel,Automatic,First,17,1896,105,NA,5
Mahindra,Chennai,2007,35000,Diesel,Manual,First,19.2,1461,65,NA,2.3
Toyota,Ahmedabad,2016,100200,Diesel,Automatic,First,11.36,2755,171.5,NA,17
BMW,Bangalore,2014,47000,Diesel,Automatic,First,18.88,1995,184,NA,25.5
Honda,Jaipur,2015,63642,Diesel,Manual,First,27.3,1498,98.6,NA,5.65
Honda,Kochi,2015,62550,Diesel,Manual,First,25.8,1498,98.6,NA,5.6
Jaguar,Kochi,2015,37340,Diesel,Automatic,First,16.36,2179,187.7,NA,29.98
Maruti,Coimbatore,2016,38461,Diesel,Manual,First,26.59,1248,74,NA,7.39
Jeep,Jaipur,2018,29000,Diesel,Manual,First,17.1,1956,170,NA,NA
Toyota,Pune,2010,31000,Petrol,Manual,First,12.5,1794,132,NA,NA
Honda,Kolkata,2011,42086,Petrol,Manual,First,17,1497,118,NA,NA
Maruti,Chennai,2013,49000,Petrol,Manual,First,18.6,1197,85.8,NA,NA
Hyundai,Coimbatore,2019,77240,Diesel,Automatic,First,22.32,1582,126.32,NA,NA
Mahindra,Jaipur,2012,105000,Diesel,Manual,Second,15.96,2523,62.1,NA,6
Maruti,Chennai,2014,35000,Diesel,Manual,First,22.9,1248,74,NA,5.25
Hyundai,Chennai,2006,83072,Petrol,Manual,First,17,1086,NA,NA,1.4
Audi,Hyderabad,2012,202082,Diesel,Automatic,First,17.68,1968,174.33,NA,12.3
Ford,Chennai,2004,129000,Petrol,Manual,Third,13.8,1299,70,NA,1.5
Volkswagen,Coimbatore,2018,33558,Diesel,Manual,First,20.14,1498,88,NA,8.12
Mahindra,Coimbatore,2012,60271,Diesel,Manual,First,13.6,2523,63,NA,6.12
Honda,Coimbatore,2017,45366,Diesel,Manual,First,25.1,1498,98.6,NA,10.88
Chevrolet,Kolkata,2014,9500,Petrol,Manual,First,18.2,1199,82.5,NA,3.5
Hyundai,Kochi,2016,42362,Petrol,Manual,First,18.6,1197,81.83,NA,6.15
BMW,Chennai,2016,21000,Diesel,Automatic,First,17.05,1995,184,NA,33
BMW,Mumbai,2012,15200,Diesel,Automatic,First,15.06,1995,177,NA,13.5
Toyota,Mumbai,2015,43690,Diesel,Automatic,First,12.55,2982,168.5,NA,17.11
Audi,Kochi,2014,79926,Diesel,Automatic,First,11.33,4134,335.2,NA,29.77
Maruti,Kolkata,2013,53073,Diesel,Manual,First,20.77,1248,88.76,NA,5.95
Hyundai,Bangalore,2015,59000,Petrol,Manual,First,18.5,1197,80,NA,5.75
Mercedes-Benz,Bangalore,2006,47088,Petrol,Automatic,Second,10.13,3498,364.9,NA,19
Renault,Ahmedabad,2014,55000,Diesel,Manual,First,20.45,1461,83.8,NA,4.75
Mahindra,Hyderabad,2013,80430,Diesel,Manual,Second,17.21,1493,100,NA,3.3
Toyota,Delhi,2013,71932,Diesel,Automatic,First,12.55,2982,168.5,NA,16.5
BMW,Mumbai,2014,19000,Diesel,Automatic,First,15.97,2993,258,NA,44
Maruti,Hyderabad,2011,81759,Diesel,Manual,First,19.3,1248,73.9,NA,4.39
Maruti,Kochi,2018,52010,Diesel,Manual,First,25.2,1248,74,NA,6.2
Audi,Kochi,2016,58953,Petrol,Automatic,First,13.53,1984,177.01,NA,24.22
Mitsubishi,Mumbai,2008,NA,Diesel,Manual,Third,10.5,2835,107.2,NA,5.45
Jaguar,Delhi,2016,NA,Diesel,Automatic,First,16.36,2179,187.7,NA,44
Toyota,Coimbatore,2019,NA,Diesel,Automatic,First,11.36,2755,171.5,NA,24.82
Skoda,Mumbai,2015,NA,Diesel,Automatic,First,19.3,1968,141,5,11.69
Toyota,Bangalore,2018,NA,Petrol,Automatic,First,14.28,1798,138.03,5,20
Maruti,Pune,2010,NA,Petrol,Manual,First,NA,796,35,8,1.45
Mercedes-Benz,Mumbai,2018,NA,Diesel,Automatic,First,NA,2143,170,5,48.5
Volkswagen,Mumbai,2016,NA,Diesel,Automatic,First,NA,1498,108.5,5,9.45
Mahindra,Ahmedabad,2015,NA,Diesel,Manual,First,16,2179,140,7,12.5
Nissan,Hyderabad,2014,NA,Diesel,Manual,First,20.45,1461,83.8,5,6.9
Hyundai,Jaipur,2012,NA,Diesel,Manual,Second,22.32,1582,126.32,5,5.8
BMW,Coimbatore,2016,NA,Diesel,Automatic,First,14.69,2993,258,5,44.56
Mahindra,Bangalore,2015,NA,Diesel,Manual,Second,15.4,2179,120,7,8.5
Hyundai,Coimbatore,2017,NA,Diesel,Manual,First,23.9,1582,126.2,5,10.7
Audi,Pune,2009,NA,Diesel,Automatic,Second,12.07,2967,241.4,7,12
Chevrolet,Coimbatore,2010,NA,Petrol,Manual,First,14.7,1150,76,5,2.44
Mahindra,Kolkata,2000,NA,Diesel,Manual,First,13.6,2523,63,7,1.95
Hyundai,Mumbai,2014,NA,Petrol,Manual,First,NA,1197,82,5,NA
Toyota,Hyderabad,2017,NA,Diesel,Manual,First,NA,2393,147.8,8,NA
Hyundai,Hyderabad,2015,NA,Petrol,Manual,First,NA,814,55.2,5,NA
Volkswagen,Delhi,2013,NA,Diesel,Manual,First,22.07,1199,73.9,5,NA
Maruti,Pune,2016,NA,Diesel,Manual,First,24.3,1248,88.5,5,8.9
BMW,Mumbai,2013,NA,Diesel,Automatic,First,18.88,1995,NA,5,16.75
Hyundai,Coimbatore,2016,NA,Petrol,Manual,First,21.1,814,NA,5,3.95
Honda,Mumbai,2009,NA,Petrol,Manual,First,17,1497,NA,5,2.1
Honda,Kochi,2011,NA,Petrol,Manual,Second,12.8,2354,177.6,5,4.29
Mahindra,Hyderabad,2009,NA,Diesel,Manual,First,14,2498,112,8,3.85
BMW,Chennai,2009,NA,Diesel,Automatic,Second,13.2,1995,NA,5,9
Honda,Pune,2013,NA,Petrol,Manual,Second,16.8,1497,NA,5,4.5
Mahindra,Kochi,2016,NA,Diesel,Manual,First,16,2179,NA,7,NA
Hyundai,Delhi,2014,67407,Diesel,Manual,First,21.27,1396,88.76,5,NA
Toyota,Hyderabad,2014,107825,Diesel,Manual,First,13,2982,168.5,7,NA
Mahindra,Chennai,2006,82453,Diesel,Manual,First,13.6,2523,63,8,NA
Maruti,Chennai,2007,30441,Petrol,Manual,First,15.9,1298,85,5,NA
Hyundai,Chennai,2002,70000,Petrol,Manual,Third,NA,1086,NA,5,NA
Mini,Mumbai,2016,11000,Diesel,Automatic,First,20.7,1496,113.98,5,29.5
Audi,Hyderabad,2015,61000,Diesel,Automatic,First,15.73,1968,174.33,5,25
Hyundai,Delhi,2013,48454,Petrol,Manual,Second,17,1197,80,5,3.5
Tata,Jaipur,2017,37000,Diesel,Manual,First,14.1,2179,154,7,11.25
Honda,Kochi,2017,32249,Diesel,Manual,First,21.9,1498,98.6,7,10.79
Volkswagen,Kolkata,2013,58000,Diesel,Manual,First,19.33,1968,138.03,5,5.9
Hyundai,Jaipur,2017,28360,Petrol,Manual,First,19.1,1197,81.86,5,5.12
Maruti,Mumbai,2017,7000,Petrol,Manual,First,20.89,1197,81.8,5,NA
BMW,Coimbatore,2016,19658,Diesel,Automatic,First,18.12,1995,190,5,NA
Ford,Hyderabad,2007,92000,Petrol,Manual,First,13.8,1299,70,NA,1.25
Hyundai,Kolkata,2013,25000,Petrol,Manual,First,20.36,1197,78.9,5,2.65
Hyundai,Coimbatore,2016,37882,Diesel,Manual,First,22.32,1582,126.3,NA,9.19
BMW,Bangalore,2014,69330,Diesel,Automatic,First,16.07,1995,181,NA,23.5
Mercedes-Benz,Delhi,2011,61000,Petrol,Automatic,First,12.3,1796,185,NA,12.5
Chevrolet,Kolkata,2010,35000,Petrol,Manual,Second,18.6,1199,79.4,5,1.5
Hyundai,Jaipur,2004,200000,Petrol,Manual,First,NA,1086,NA,5,0.8
Tata,Jaipur,2009,82000,Diesel,Manual,Second,13.5,1405,NA,5,0.75
Mahindra,Delhi,2012,72450,Diesel,Manual,First,15.1,2179,140,NA,8.1
Maruti,Jaipur,2017,36381,Diesel,Manual,First,28.09,1248,88.5,NA,9.75
Mercedes-Benz,Coimbatore,2017,NA,Diesel,Automatic,First,19.71,2143,201.15,NA,37.93
Honda,Chennai,2005,NA,Petrol,Automatic,Third,16.4,1497,78,NA,1.96
Toyota,Jaipur,2015,NA,Diesel,Automatic,First,11.5,2982,169,7,20.5
Maruti,Bangalore,2011,NA,Petrol,Manual,First,24.07,998,67.1,5,2.75
Jaguar,Mumbai,2017,NA,Petrol,Automatic,First,9.43,1999,237.4,5,75
Hyundai,Chennai,2009,NA,Diesel,Manual,First,21.9,1396,90,NA,2.8
Honda,Mumbai,2017,18000,Petrol,Automatic,First,16,1497,117.3,NA,9.25
Toyota,Chennai,2007,89000,Petrol,Manual,First,13.4,1794,125,NA,3
Audi,Coimbatore,2014,49964,Diesel,Automatic,First,17.68,1968,174.33,NA,23.89
Toyota,Mumbai,2014,35000,Diesel,Manual,First,12.99,2494,100.6,7,12.75
